Density	Attempt	Steps
0,1	1	46
0,1	2	404
0,1	3	409
0,1	4	13
0,1	5	36
0,1	6	543
0,1	7	612
0,1	8	112
0,1	9	37
0,1	10	193
0,1	11	36
0,1	12	347
0,1	13	56
0,1	14	15
0,1	15	15
0,1	16	20
0,1	17	969
0,1	18	20
0,1	19	15
0,1	20	18
0,1	21	854
0,1	22	28
0,1	23	269
0,1	24	305
0,1	25	13
0,1	26	81
0,1	27	161
0,1	28	497
0,1	29	212
0,1	30	175
0,1	31	96
0,1	32	711
0,1	33	126
0,1	34	65
0,1	35	77
0,1	36	15
0,1	37	19
0,1	38	45
0,1	39	143
0,1	40	43
0,1	41	1000
0,1	42	222
0,1	43	170
0,1	44	58
0,1	45	15
0,1	46	13
0,1	47	26
0,1	48	346
0,1	49	20
0,1	50	36
0,15000000000000002	1	241
0,15000000000000002	2	322
0,15000000000000002	3	220
0,15000000000000002	4	964
0,15000000000000002	5	544
0,15000000000000002	6	773
0,15000000000000002	7	139
0,15000000000000002	8	210
0,15000000000000002	9	221
0,15000000000000002	10	176
0,15000000000000002	11	127
0,15000000000000002	12	1000
0,15000000000000002	13	52
0,15000000000000002	14	1000
0,15000000000000002	15	171
0,15000000000000002	16	85
0,15000000000000002	17	158
0,15000000000000002	18	381
0,15000000000000002	19	203
0,15000000000000002	20	432
0,15000000000000002	21	209
0,15000000000000002	22	365
0,15000000000000002	23	106
0,15000000000000002	24	317
0,15000000000000002	25	508
0,15000000000000002	26	264
0,15000000000000002	27	61
0,15000000000000002	28	399
0,15000000000000002	29	550
0,15000000000000002	30	315
0,15000000000000002	31	401
0,15000000000000002	32	1000
0,15000000000000002	33	622
0,15000000000000002	34	206
0,15000000000000002	35	201
0,15000000000000002	36	910
0,15000000000000002	37	694
0,15000000000000002	38	500
0,15000000000000002	39	743
0,15000000000000002	40	617
0,15000000000000002	41	738
0,15000000000000002	42	69
0,15000000000000002	43	201
0,15000000000000002	44	502
0,15000000000000002	45	94
0,15000000000000002	46	157
0,15000000000000002	47	509
0,15000000000000002	48	217
0,15000000000000002	49	454
0,15000000000000002	50	149
0,2	1	226
0,2	2	170
0,2	3	385
0,2	4	503
0,2	5	631
0,2	6	235
0,2	7	466
0,2	8	697
0,2	9	304
0,2	10	768
0,2	11	138
0,2	12	167
0,2	13	225
0,2	14	266
0,2	15	616
0,2	16	213
0,2	17	533
0,2	18	179
0,2	19	267
0,2	20	457
0,2	21	138
0,2	22	390
0,2	23	219
0,2	24	199
0,2	25	53
0,2	26	263
0,2	27	256
0,2	28	513
0,2	29	58
0,2	30	336
0,2	31	745
0,2	32	254
0,2	33	268
0,2	34	611
0,2	35	1000
0,2	36	547
0,2	37	398
0,2	38	927
0,2	39	120
0,2	40	448
0,2	41	144
0,2	42	352
0,2	43	419
0,2	44	155
0,2	45	348
0,2	46	83
0,2	47	753
0,2	48	367
0,2	49	960
0,2	50	267
0,25	1	252
0,25	2	245
0,25	3	313
0,25	4	94
0,25	5	437
0,25	6	1000
0,25	7	668
0,25	8	372
0,25	9	373
0,25	10	464
0,25	11	306
0,25	12	414
0,25	13	314
0,25	14	401
0,25	15	113
0,25	16	1000
0,25	17	185
0,25	18	187
0,25	19	345
0,25	20	107
0,25	21	332
0,25	22	1000
0,25	23	543
0,25	24	186
0,25	25	335
0,25	26	251
0,25	27	574
0,25	28	111
0,25	29	182
0,25	30	265
0,25	31	462
0,25	32	286
0,25	33	107
0,25	34	693
0,25	35	203
0,25	36	360
0,25	37	611
0,25	38	156
0,25	39	150
0,25	40	628
0,25	41	162
0,25	42	241
0,25	43	499
0,25	44	321
0,25	45	843
0,25	46	466
0,25	47	251
0,25	48	86
0,25	49	640
0,25	50	212
0,3	1	182
0,3	2	162
0,3	3	709
0,3	4	278
0,3	5	589
0,3	6	359
0,3	7	102
0,3	8	346
0,3	9	614
0,3	10	160
0,3	11	619
0,3	12	155
0,3	13	305
0,3	14	150
0,3	15	107
0,3	16	178
0,3	17	96
0,3	18	156
0,3	19	732
0,3	20	341
0,3	21	268
0,3	22	362
0,3	23	174
0,3	24	322
0,3	25	298
0,3	26	120
0,3	27	243
0,3	28	233
0,3	29	382
0,3	30	574
0,3	31	283
0,3	32	1000
0,3	33	594
0,3	34	244
0,3	35	184
0,3	36	217
0,3	37	395
0,3	38	251
0,3	39	193
0,3	40	698
0,3	41	236
0,3	42	397
0,3	43	189
0,3	44	195
0,3	45	369
0,3	46	596
0,3	47	448
0,3	48	292
0,3	49	274
0,3	50	386
0,35	1	256
0,35	2	185
0,35	3	137
0,35	4	308
0,35	5	403
0,35	6	571
0,35	7	461
0,35	8	633
0,35	9	112
0,35	10	490
0,35	11	644
0,35	12	240
0,35	13	123
0,35	14	169
0,35	15	143
0,35	16	1000
0,35	17	459
0,35	18	957
0,35	19	660
0,35	20	440
0,35	21	164
0,35	22	151
0,35	23	377
0,35	24	782
0,35	25	557
0,35	26	142
0,35	27	487
0,35	28	470
0,35	29	157
0,35	30	206
0,35	31	147
0,35	32	628
0,35	33	375
0,35	34	127
0,35	35	357
0,35	36	587
0,35	37	452
0,35	38	228
0,35	39	417
0,35	40	447
0,35	41	309
0,35	42	242
0,35	43	1000
0,35	44	299
0,35	45	327
0,35	46	231
0,35	47	210
0,35	48	246
0,35	49	315
0,35	50	479
0,39999999999999997	1	129
0,39999999999999997	2	175
0,39999999999999997	3	70
0,39999999999999997	4	142
0,39999999999999997	5	367
0,39999999999999997	6	199
0,39999999999999997	7	630
0,39999999999999997	8	351
0,39999999999999997	9	458
0,39999999999999997	10	215
0,39999999999999997	11	727
0,39999999999999997	12	488
0,39999999999999997	13	282
0,39999999999999997	14	385
0,39999999999999997	15	210
0,39999999999999997	16	225
0,39999999999999997	17	126
0,39999999999999997	18	701
0,39999999999999997	19	266
0,39999999999999997	20	426
0,39999999999999997	21	258
0,39999999999999997	22	893
0,39999999999999997	23	285
0,39999999999999997	24	538
0,39999999999999997	25	97
0,39999999999999997	26	620
0,39999999999999997	27	154
0,39999999999999997	28	227
0,39999999999999997	29	615
0,39999999999999997	30	116
0,39999999999999997	31	248
0,39999999999999997	32	277
0,39999999999999997	33	533
0,39999999999999997	34	518
0,39999999999999997	35	1000
0,39999999999999997	36	182
0,39999999999999997	37	398
0,39999999999999997	38	175
0,39999999999999997	39	310
0,39999999999999997	40	147
0,39999999999999997	41	362
0,39999999999999997	42	174
0,39999999999999997	43	248
0,39999999999999997	44	315
0,39999999999999997	45	559
0,39999999999999997	46	156
0,39999999999999997	47	494
0,39999999999999997	48	216
0,39999999999999997	49	239
0,39999999999999997	50	402
0,44999999999999996	1	181
0,44999999999999996	2	1000
0,44999999999999996	3	79
0,44999999999999996	4	527
0,44999999999999996	5	533
0,44999999999999996	6	347
0,44999999999999996	7	159
0,44999999999999996	8	220
0,44999999999999996	9	190
0,44999999999999996	10	151
0,44999999999999996	11	317
0,44999999999999996	12	296
0,44999999999999996	13	254
0,44999999999999996	14	169
0,44999999999999996	15	121
0,44999999999999996	16	619
0,44999999999999996	17	241
0,44999999999999996	18	402
0,44999999999999996	19	120
0,44999999999999996	20	748
0,44999999999999996	21	168
0,44999999999999996	22	180
0,44999999999999996	23	635
0,44999999999999996	24	352
0,44999999999999996	25	293
0,44999999999999996	26	603
0,44999999999999996	27	465
0,44999999999999996	28	1000
0,44999999999999996	29	200
0,44999999999999996	30	485
0,44999999999999996	31	534
0,44999999999999996	32	163
0,44999999999999996	33	299
0,44999999999999996	34	352
0,44999999999999996	35	329
0,44999999999999996	36	293
0,44999999999999996	37	339
0,44999999999999996	38	629
0,44999999999999996	39	336
0,44999999999999996	40	293
0,44999999999999996	41	364
0,44999999999999996	42	431
0,44999999999999996	43	562
0,44999999999999996	44	93
0,44999999999999996	45	305
0,44999999999999996	46	254
0,44999999999999996	47	1000
0,44999999999999996	48	787
0,44999999999999996	49	281
0,44999999999999996	50	79
0,49999999999999994	1	310
0,49999999999999994	2	805
0,49999999999999994	3	195
0,49999999999999994	4	157
0,49999999999999994	5	744
0,49999999999999994	6	496
0,49999999999999994	7	623
0,49999999999999994	8	501
0,49999999999999994	9	433
0,49999999999999994	10	589
0,49999999999999994	11	207
0,49999999999999994	12	265
0,49999999999999994	13	490
0,49999999999999994	14	222
0,49999999999999994	15	191
0,49999999999999994	16	267
0,49999999999999994	17	227
0,49999999999999994	18	256
0,49999999999999994	19	239
0,49999999999999994	20	155
0,49999999999999994	21	425
0,49999999999999994	22	123
0,49999999999999994	23	897
0,49999999999999994	24	342
0,49999999999999994	25	480
0,49999999999999994	26	332
0,49999999999999994	27	533
0,49999999999999994	28	422
0,49999999999999994	29	1000
0,49999999999999994	30	203
0,49999999999999994	31	832
0,49999999999999994	32	596
0,49999999999999994	33	139
0,49999999999999994	34	402
0,49999999999999994	35	97
0,49999999999999994	36	415
0,49999999999999994	37	1000
0,49999999999999994	38	129
0,49999999999999994	39	633
0,49999999999999994	40	241
0,49999999999999994	41	179
0,49999999999999994	42	195
0,49999999999999994	43	77
0,49999999999999994	44	326
0,49999999999999994	45	525
0,49999999999999994	46	302
0,49999999999999994	47	118
0,49999999999999994	48	838
0,49999999999999994	49	270
0,49999999999999994	50	985
0,5499999999999999	1	360
0,5499999999999999	2	149
0,5499999999999999	3	192
0,5499999999999999	4	65
0,5499999999999999	5	580
0,5499999999999999	6	331
0,5499999999999999	7	447
0,5499999999999999	8	157
0,5499999999999999	9	293
0,5499999999999999	10	73
0,5499999999999999	11	357
0,5499999999999999	12	460
0,5499999999999999	13	605
0,5499999999999999	14	352
0,5499999999999999	15	136
0,5499999999999999	16	513
0,5499999999999999	17	125
0,5499999999999999	18	460
0,5499999999999999	19	584
0,5499999999999999	20	357
0,5499999999999999	21	503
0,5499999999999999	22	648
0,5499999999999999	23	204
0,5499999999999999	24	695
0,5499999999999999	25	267
0,5499999999999999	26	344
0,5499999999999999	27	231
0,5499999999999999	28	487
0,5499999999999999	29	257
0,5499999999999999	30	437
0,5499999999999999	31	194
0,5499999999999999	32	420
0,5499999999999999	33	402
0,5499999999999999	34	155
0,5499999999999999	35	415
0,5499999999999999	36	635
0,5499999999999999	37	438
0,5499999999999999	38	279
0,5499999999999999	39	468
0,5499999999999999	40	254
0,5499999999999999	41	186
0,5499999999999999	42	194
0,5499999999999999	43	349
0,5499999999999999	44	134
0,5499999999999999	45	118
0,5499999999999999	46	536
0,5499999999999999	47	497
0,5499999999999999	48	303
0,5499999999999999	49	292
0,5499999999999999	50	93
0,6	1	573
0,6	2	352
0,6	3	466
0,6	4	214
0,6	5	564
0,6	6	418
0,6	7	645
0,6	8	346
0,6	9	221
0,6	10	554
0,6	11	1000
0,6	12	382
0,6	13	226
0,6	14	144
0,6	15	90
0,6	16	768
0,6	17	92
0,6	18	926
0,6	19	375
0,6	20	243
0,6	21	573
0,6	22	257
0,6	23	95
0,6	24	165
0,6	25	674
0,6	26	120
0,6	27	50
0,6	28	576
0,6	29	140
0,6	30	614
0,6	31	156
0,6	32	124
0,6	33	471
0,6	34	509
0,6	35	774
0,6	36	513
0,6	37	107
0,6	38	952
0,6	39	418
0,6	40	1000
0,6	41	539
0,6	42	356
0,6	43	542
0,6	44	626
0,6	45	799
0,6	46	287
0,6	47	790
0,6	48	325
0,6	49	272
0,6	50	220
0,65	1	100
0,65	2	38
0,65	3	613
0,65	4	499
0,65	5	26
0,65	6	124
0,65	7	765
0,65	8	30
0,65	9	331
0,65	10	421
0,65	11	92
0,65	12	39
0,65	13	90
0,65	14	145
0,65	15	90
0,65	16	192
0,65	17	84
0,65	18	233
0,65	19	730
0,65	20	21
0,65	21	481
0,65	22	204
0,65	23	195
0,65	24	89
0,65	25	193
0,65	26	107
0,65	27	33
0,65	28	122
0,65	29	69
0,65	30	455
0,65	31	45
0,65	32	151
0,65	33	73
0,65	34	66
0,65	35	64
0,65	36	97
0,65	37	128
0,65	38	448
0,65	39	143
0,65	40	283
0,65	41	71
0,65	42	737
0,65	43	301
0,65	44	247
0,65	45	468
0,65	46	56
0,65	47	295
0,65	48	359
0,65	49	203
0,65	50	237
0,7000000000000001	1	22
0,7000000000000001	2	16
0,7000000000000001	3	21
0,7000000000000001	4	58
0,7000000000000001	5	262
0,7000000000000001	6	16
0,7000000000000001	7	39
0,7000000000000001	8	73
0,7000000000000001	9	24
0,7000000000000001	10	203
0,7000000000000001	11	49
0,7000000000000001	12	31
0,7000000000000001	13	41
0,7000000000000001	14	35
0,7000000000000001	15	1000
0,7000000000000001	16	37
0,7000000000000001	17	76
0,7000000000000001	18	215
0,7000000000000001	19	17
0,7000000000000001	20	157
0,7000000000000001	21	178
0,7000000000000001	22	294
0,7000000000000001	23	462
0,7000000000000001	24	192
0,7000000000000001	25	40
0,7000000000000001	26	269
0,7000000000000001	27	13
0,7000000000000001	28	414
0,7000000000000001	29	26
0,7000000000000001	30	133
0,7000000000000001	31	269
0,7000000000000001	32	54
0,7000000000000001	33	20
0,7000000000000001	34	116
0,7000000000000001	35	83
0,7000000000000001	36	27
0,7000000000000001	37	19
0,7000000000000001	38	47
0,7000000000000001	39	13
0,7000000000000001	40	16
0,7000000000000001	41	227
0,7000000000000001	42	417
0,7000000000000001	43	607
0,7000000000000001	44	22
0,7000000000000001	45	66
0,7000000000000001	46	32
0,7000000000000001	47	129
0,7000000000000001	48	196
0,7000000000000001	49	69
0,7000000000000001	50	502
0,7500000000000001	1	13
0,7500000000000001	2	12
0,7500000000000001	3	13
0,7500000000000001	4	12
0,7500000000000001	5	12
0,7500000000000001	6	39
0,7500000000000001	7	19
0,7500000000000001	8	14
0,7500000000000001	9	14
0,7500000000000001	10	15
0,7500000000000001	11	31
0,7500000000000001	12	12
0,7500000000000001	13	22
0,7500000000000001	14	15
0,7500000000000001	15	70
0,7500000000000001	16	22
0,7500000000000001	17	13
0,7500000000000001	18	15
0,7500000000000001	19	13
0,7500000000000001	20	16
0,7500000000000001	21	13
0,7500000000000001	22	28
0,7500000000000001	23	277
0,7500000000000001	24	388
0,7500000000000001	25	98
0,7500000000000001	26	104
0,7500000000000001	27	13
0,7500000000000001	28	16
0,7500000000000001	29	113
0,7500000000000001	30	17
0,7500000000000001	31	12
0,7500000000000001	32	12
0,7500000000000001	33	12
0,7500000000000001	34	12
0,7500000000000001	35	13
0,7500000000000001	36	135
0,7500000000000001	37	13
0,7500000000000001	38	25
0,7500000000000001	39	13
0,7500000000000001	40	341
0,7500000000000001	41	20
0,7500000000000001	42	16
0,7500000000000001	43	50
0,7500000000000001	44	15
0,7500000000000001	45	15
0,7500000000000001	46	24
0,7500000000000001	47	13
0,7500000000000001	48	15
0,7500000000000001	49	12
0,7500000000000001	50	12
0,8000000000000002	1	191
0,8000000000000002	2	20
0,8000000000000002	3	14
0,8000000000000002	4	12
0,8000000000000002	5	13
0,8000000000000002	6	15
0,8000000000000002	7	12
0,8000000000000002	8	176
0,8000000000000002	9	12
0,8000000000000002	10	13
0,8000000000000002	11	17
0,8000000000000002	12	13
0,8000000000000002	13	12
0,8000000000000002	14	13
0,8000000000000002	15	13
0,8000000000000002	16	12
0,8000000000000002	17	29
0,8000000000000002	18	12
0,8000000000000002	19	16
0,8000000000000002	20	13
0,8000000000000002	21	14
0,8000000000000002	22	13
0,8000000000000002	23	12
0,8000000000000002	24	12
0,8000000000000002	25	12
0,8000000000000002	26	16
0,8000000000000002	27	12
0,8000000000000002	28	12
0,8000000000000002	29	13
0,8000000000000002	30	21
0,8000000000000002	31	13
0,8000000000000002	32	12
0,8000000000000002	33	12
0,8000000000000002	34	12
0,8000000000000002	35	15
0,8000000000000002	36	12
0,8000000000000002	37	12
0,8000000000000002	38	12
0,8000000000000002	39	12
0,8000000000000002	40	12
0,8000000000000002	41	13
0,8000000000000002	42	13
0,8000000000000002	43	13
0,8000000000000002	44	12
0,8000000000000002	45	12
0,8000000000000002	46	14
0,8000000000000002	47	12
0,8000000000000002	48	14
0,8000000000000002	49	12
0,8000000000000002	50	13
0,8500000000000002	1	11
0,8500000000000002	2	12
0,8500000000000002	3	12
0,8500000000000002	4	12
0,8500000000000002	5	12
0,8500000000000002	6	12
0,8500000000000002	7	12
0,8500000000000002	8	12
0,8500000000000002	9	12
0,8500000000000002	10	12
0,8500000000000002	11	12
0,8500000000000002	12	13
0,8500000000000002	13	11
0,8500000000000002	14	13
0,8500000000000002	15	12
0,8500000000000002	16	12
0,8500000000000002	17	12
0,8500000000000002	18	11
0,8500000000000002	19	12
0,8500000000000002	20	12
0,8500000000000002	21	12
0,8500000000000002	22	12
0,8500000000000002	23	12
0,8500000000000002	24	12
0,8500000000000002	25	12
0,8500000000000002	26	12
0,8500000000000002	27	12
0,8500000000000002	28	13
0,8500000000000002	29	12
0,8500000000000002	30	12
0,8500000000000002	31	12
0,8500000000000002	32	12
0,8500000000000002	33	12
0,8500000000000002	34	12
0,8500000000000002	35	12
0,8500000000000002	36	13
0,8500000000000002	37	12
0,8500000000000002	38	12
0,8500000000000002	39	12
0,8500000000000002	40	12
0,8500000000000002	41	12
0,8500000000000002	42	11
0,8500000000000002	43	12
0,8500000000000002	44	12
0,8500000000000002	45	12
0,8500000000000002	46	11
0,8500000000000002	47	12
0,8500000000000002	48	12
0,8500000000000002	49	12
0,8500000000000002	50	14
